           1           1   0.0000000000000000     
           1           2   0.0000000000000000     
           1           3   0.0000000000000000     
           1           4   0.0000000000000000     
           1           5   0.0000000000000000     
           1           6   1.0709378757193775E-002
           1           7   0.0000000000000000     
           2           1   0.0000000000000000     
           2           2   0.0000000000000000     
           2           3   0.0000000000000000     
           2           4   0.0000000000000000     
           2           5   0.0000000000000000     
           2           6   2.3357366672449354E-002
           2           7   0.0000000000000000     
           3           1   0.0000000000000000     
           3           2   0.0000000000000000     
           3           3   0.0000000000000000     
           3           4   0.0000000000000000     
           3           5   0.0000000000000000     
           3           6   3.8813621503205525E-002
           3           7   0.0000000000000000     
           4           1   0.0000000000000000     
           4           2   0.0000000000000000     
           4           3   0.0000000000000000     
           4           4   0.0000000000000000     
           4           5   0.0000000000000000     
           4           6   5.4419962759568098E-002
           4           7   0.0000000000000000     
           5           1   0.0000000000000000     
           5           2   0.0000000000000000     
           5           3   0.0000000000000000     
           5           4   0.0000000000000000     
           5           5   0.0000000000000000     
           5           6   0.0000000000000000     
           5           7   2.5559363648766816E-002
           6           1  0.13239477011906814     
           6           2  0.17462608584335657     
           6           3  0.17548827188521299     
           6           4  0.14879929063044017     
           6           5   0.0000000000000000     
           6           6   0.0000000000000000     
           6           7   3.1854558363898638E-002
           7           1   0.0000000000000000     
           7           2   0.0000000000000000     
           7           3   0.0000000000000000     
           7           4   0.0000000000000000     
           7           5   6.9886398061404065E-002
           7           6   5.2673587532102148E-002
           7           7   0.0000000000000000     
