3.108299301034792848e+02
2.888626673117062751e+02
2.934026988765014039e+02
2.979239475405047415e+02
2.996766847502613587e+02
3.059094338854573039e+02
3.049353058967884067e+02
3.003999984302224107e+02
3.001691562692959678e+02
3.012928136563285761e+02
3.018061812921454248e+02
3.031346402822481991e+02
3.035777013134184585e+02
3.029613832316142066e+02
3.028570864420041175e+02
3.032051614581029071e+02
3.034903129246929439e+02
3.039056324458305198e+02
3.042423032640932661e+02
3.043456365873196319e+02
3.044713093615013122e+02
3.046994667103672327e+02
3.049348070523696492e+02
3.051906609618422976e+02
3.054461528577604099e+02
3.056583586082077773e+02
3.058602855206400477e+02
3.060803256475418266e+02
3.063058867576908710e+02
3.065351428614349629e+02
3.067665119844083961e+02
3.069909346955581668e+02
3.072110662871118052e+02
3.074335995013460661e+02
3.076578251768386849e+02
3.078828589529729811e+02
3.081086091571290808e+02
3.083334215549954251e+02
3.085571182814942404e+02
3.087809671945841501e+02
3.090051937271120437e+02
3.092296143575687779e+02
3.094542175618937563e+02
3.096787294608084267e+02
3.099030059490937674e+02
3.101272444856726906e+02
3.103515486114218334e+02
3.105758979943539089e+02
3.108002892973210578e+02
3.110246805493612783e+02
3.112490291632930166e+02
3.114733584202416523e+02
3.116976956918398969e+02
3.119220425107450865e+02
3.121463984259907534e+02
3.123707574914986935e+02
3.125951099647336378e+02
3.128194569495651081e+02
3.130438041065665971e+02
3.132681529997287271e+02
3.134925037709552385e+02
3.137168556781773532e+02
3.139412067848708716e+02
3.141655566549503078e+02
3.143899062471615480e+02
3.146142560886904675e+02
3.148386062943930028e+02
3.150629568000717882e+02
3.152873072598977728e+02
3.155116574824057238e+02
3.157360075930338894e+02
3.159603577226667426e+02
3.161847079167566221e+02
3.164090581793107617e+02
3.166334084549268937e+02
3.168577586917309077e+02
3.170821088980395075e+02
3.173064591005366424e+02
3.175308093128589917e+02
3.177551595392889681e+02
3.179795097722033574e+02
3.182038600000800557e+02
3.184282102211159895e+02
3.186525604398117366e+02
3.188769106595917719e+02
3.191012608820137757e+02
3.193256111063236062e+02
3.195499613302852708e+02
3.197743115529269176e+02
3.199986617748247113e+02
3.202230119967226756e+02
3.204473622190616879e+02
3.206717124418503886e+02
3.208960626647063350e+02
3.211204128873451396e+02
3.213447631097970998e+02
3.215691133322021642e+02
3.217934635546687332e+02
3.220178137772294349e+02
3.222421639998285627e+02
