1.979999999999999982e+00 -6.009124401850077568e+00 1.670443920641533353e+00
3.839999999999999858e+00 3.081291556175111968e+00 1.670443920641533353e+00
5.879999999999999893e+00 -2.974946725454028940e+00 1.670443920641533353e+00
8.310000000000000497e+00 -2.295173178111003764e+01 1.670443920641533353e+00
9.660000000000000142e+00 -1.540414276935464244e+01 1.670443920641533353e+00
1.196999999999999886e+01 -2.238215988436779114e+01 1.670443920641533353e+00
1.385999999999999943e+01 -1.804655219843261094e+01 1.670443920641533353e+00
1.577999999999999936e+01 -5.693919437392709781e+00 1.670443920641533353e+00
1.826999999999999957e+01 1.432933561662140587e+00 1.670443920641533353e+00
2.048999999999999844e+01 2.730290646151473766e+00 1.670443920641533353e+00
2.261999999999999744e+01 5.139218962086779641e+00 1.670443920641533353e+00
2.459999999999999787e+01 9.765542572433764335e+00 1.670443920641533353e+00
2.714999999999999858e+01 1.498923629268482038e+01 1.670443920641533353e+00
2.909999999999999787e+01 2.025525568712109603e+01 1.670443920641533353e+00
3.110999999999999943e+01 1.197707046639516903e+01 1.670443920641533353e+00
3.272999999999999687e+01 1.548058269088439154e+01 1.670443920641533353e+00
3.435000000000000142e+01 1.388052755174968844e+01 1.670443920641533353e+00
3.699000000000000199e+01 1.049521263481162592e+01 1.670443920641533353e+00
3.890999999999999659e+01 6.290293635822363782e+00 1.670443920641533353e+00
4.079999999999999716e+01 -1.057422858196057192e+01 1.670443920641533353e+00
4.223999999999999488e+01 -1.775530213202581464e+01 1.670443920641533353e+00
4.410000000000000142e+01 -2.939959429813799119e+01 1.670443920641533353e+00
4.601999999999999602e+01 -3.631028150418578093e+01 1.670443920641533353e+00
4.832999999999999829e+01 -2.139627148370659171e+01 1.670443920641533353e+00
5.054999999999999716e+01 -2.474959270300130854e+01 1.670443920641533353e+00
5.153999999999999915e+01 -2.452220513768554255e+01 1.670443920641533353e+00
5.357999999999999829e+01 -2.494111200007100493e+01 1.670443920641533353e+00
5.540999999999999659e+01 -2.851313952609342905e+01 1.670443920641533353e+00
5.732999999999999829e+01 -3.991535688104285384e+01 1.670443920641533353e+00
5.984999999999999432e+01 -3.846180719329618114e+01 1.670443920641533353e+00
6.203999999999999915e+01 -4.155733161430501355e+01 1.670443920641533353e+00
6.428999999999999204e+01 -3.763539276399857414e+01 1.670443920641533353e+00
6.632999999999999829e+01 -2.778638482314807234e+01 1.670443920641533353e+00
6.864000000000000057e+01 -2.351334560733839751e+01 1.670443920641533353e+00
7.034999999999999432e+01 -2.031285694881900383e+01 1.670443920641533353e+00
7.314000000000000057e+01 -5.589483302933764719e+00 1.670443920641533353e+00
7.545000000000000284e+01 5.799852320280074025e+00 1.670443920641533353e+00
7.670999999999999375e+01 -5.150235581724719403e+00 1.670443920641533353e+00
7.871999999999999886e+01 1.049835292391137287e+01 1.670443920641533353e+00
8.060999999999999943e+01 1.241828363406395752e+01 1.670443920641533353e+00
8.334000000000000341e+01 5.797669286178163794e+00 1.670443920641533353e+00
8.628000000000000114e+01 1.099319066627174912e+01 1.670443920641533353e+00
8.859000000000000341e+01 -4.196329827052533545e+00 1.670443920641533353e+00
9.026999999999999602e+01 -1.045825089997961399e+01 1.670443920641533353e+00
9.221999999999999886e+01 -5.430457704898082660e+00 1.670443920641533353e+00
9.459000000000000341e+01 -9.512020438737989636e+00 1.670443920641533353e+00
9.720000000000000284e+01 -9.616790549344983674e+00 1.670443920641533353e+00
