2.416658512859677366e+00 3.414819203173083961e-01
4.372493944873411920e+00 1.197624952772451179e+00
4.323834796165274774e+00 9.520393549557044643e-01
5.942321813989100754e+00 4.629902179389471684e+00
6.143975089798141553e+00 4.591421070053854692e+00
5.918297727217890269e+00 4.686135494363016463e+00
4.353224798272941953e+00 9.113667250887809157e-01
4.253852843002445816e+00 1.067753674830250077e+00
4.391061544257439664e+00 8.435172656138051339e-01
2.593389880759095156e+00 5.119217767431101240e-01
4.428903145772866701e+00 9.663751600572834111e-01
5.952039810290734145e+00 4.524479480356551342e+00
5.800114853387790426e+00 4.593042314960935180e+00
2.591317675870455695e+00 4.135200409830239732e-01
4.421199435277800127e+00 9.957766974234066870e-01
4.444434362866909183e+00 9.510742732039535463e-01
4.446805400495607685e+00 9.585361323449326232e-01
5.859775246858131226e+00 4.660138751194381257e+00
5.930204810466785048e+00 4.617570493874246118e+00
4.431288252832231933e+00 1.068313613072789714e+00
4.372175279221080402e+00 7.858312035188731448e-01
4.325528826795409287e+00 8.975949523365838179e-01
5.969175842965018575e+00 4.749354786225238101e+00
4.460099226307052689e+00 1.187745021068854046e+00
2.735206934301532389e+00 5.664596967715159748e-01
6.076310876182080989e+00 4.603814369356168612e+00
2.664057388898161349e+00 2.623508828764105072e-01
2.593975429900790886e+00 4.591008415045895186e-01
5.658352829103778348e+00 4.524230436446201153e+00
4.356044399741128004e+00 1.064440850910137737e+00
5.976447288633662147e+00 4.676288240205184188e+00
5.860027999189612480e+00 4.651137817477238201e+00
2.558613850921478416e+00 3.478068184916174310e-01
2.673939295055424825e+00 2.437389616469549380e-01
2.750833106656345173e+00 3.119740534343946048e-01
4.340877325290682265e+00 9.164314581545266458e-01
4.224003913833536572e+00 8.708589533466005728e-01
2.723983923235023141e+00 2.507797435484899196e-01
4.242004038967058577e+00 1.078541484911713644e+00
2.638809131161517829e+00 4.987101526819739394e-01
4.481819278894451308e+00 1.068083731135465397e+00
5.951433006009888338e+00 4.566149610252029589e+00
5.913807671192122584e+00 4.546361916548745441e+00
2.420763441459052867e+00 3.131499334041761284e-01
2.454770604449003635e+00 3.727971801838168564e-01
2.539328354025745416e+00 4.364933124716960933e-01
5.913767936459228380e+00 4.665514315903534381e+00
4.363457361842715265e+00 8.200775680185394823e-01
2.837411909220068917e+00 4.148532440002461463e-01
5.947479912027932691e+00 4.470688857466731392e+00
5.888959785858348006e+00 4.571088097534838468e+00
5.871095470117405846e+00 4.591048517521091554e+00
5.913351825918240934e+00 4.682808666602783276e+00
2.501586612752159766e+00 4.644636351785029205e-01
5.800404310990800560e+00 4.699253481730750082e+00
4.248203097534393180e+00 9.683307234167289890e-01
2.537583746008744257e+00 3.800491091166744995e-01
4.414361007944733295e+00 1.049577058021655240e+00
6.026372417813550264e+00 4.687183006457953383e+00
2.430817864150466079e+00 3.616792240985473583e-01
4.388467978024436889e+00 1.195159670065296220e+00
4.327651489454240163e+00 9.119729536925059721e-01
5.931325557694965944e+00 4.627538822217810655e+00
6.003601264125778769e+00 4.753951379176014846e+00
4.362331218699916136e+00 1.080987953461154394e+00
4.277823131683107682e+00 9.602366106960381620e-01
4.433686331090811450e+00 1.049872125523334088e+00
4.408645422790877788e+00 1.017124982333594829e+00
4.243810397983857285e+00 9.613263295853785584e-01
4.405136482781026430e+00 9.265071669708428992e-01
5.855839795800624970e+00 4.498193721042924587e+00
2.698415652096235462e+00 2.204966891132169871e-01
2.488708973492296916e+00 4.227499497075088986e-01
4.275832001052425113e+00 9.190464628806633840e-01
2.508720225978376295e+00 3.049967287062111954e-01
2.559939659152707048e+00 4.640043039838093186e-01
2.685441015370397366e+00 3.991508739191323429e-01
4.475192354913669845e+00 9.998226825528473416e-01
6.071777870088705953e+00 4.794120386862439354e+00
2.523817074059301557e+00 3.827652378363105568e-01
5.902555916076464015e+00 4.672778523191945865e+00
6.000241137498586674e+00 4.616227291645557784e+00
2.623836328694443498e+00 3.307284418338747312e-01
4.287979895034903066e+00 1.214890292140594408e+00
6.049341192917506049e+00 4.724252870060707821e+00
2.524671823663099168e+00 3.843784964308942786e-01
4.296585249597711709e+00 1.060412209242949544e+00
2.478654890292204094e+00 1.490568977259963679e-01
4.472495676597384673e+00 8.682405801484374130e-01
4.403561793567781990e+00 1.196461056470200734e+00
6.082570294699906732e+00 4.684722200538324444e+00
5.881240591639375737e+00 4.557530185432993264e+00
5.986570810871025827e+00 4.662582539890131272e+00
6.093137672635984714e+00 4.679470848666586136e+00
2.712938511520661677e+00 2.112241932530331545e-01
4.027969575592194929e+00 1.009862766501746556e+00
4.364364350082603927e+00 9.772736326208351088e-01
4.277944946576880625e+00 8.658404103066883462e-01
2.651835923545506901e+00 4.803010956403045428e-01
4.321863399539768835e+00 1.072003841965144977e+00
2.532689979438458305e+00 3.782061034227523488e-01
2.520596373489137232e+00 2.281317670162557043e-01
2.648249246980435956e+00 5.614397884616679768e-01
6.231926895647800002e+00 4.512477595704337041e+00
4.278850733490203062e+00 8.966422750748729298e-01
2.478055928404109043e+00 3.432921889973036822e-01
2.568080677475268914e+00 5.514351948724370844e-01
4.189238385247171514e+00 1.124040859133651704e+00
5.971714071718039030e+00 4.566744216613394691e+00
2.701938608840477762e+00 2.579600948639056979e-01
4.265509527495188635e+00 8.524601573960410850e-01
2.558992548609341888e+00 3.681017122147174359e-01
2.469331123047701748e+00 3.349013245978096909e-01
5.770698647135747983e+00 4.408839358051339197e+00
2.594263024913689097e+00 4.245466238332630815e-01
4.390256758571433160e+00 9.040890121389474343e-01
4.215016235346683793e+00 9.846353632612900864e-01
2.501130517359333449e+00 2.638083307893986373e-01
5.800610538615396550e+00 4.645189756852958318e+00
4.270422240610561637e+00 1.013645900577232917e+00
5.757365680492440241e+00 4.761061152701270949e+00
4.344835526345108612e+00 1.147474122521747297e+00
2.624696180050433814e+00 3.833293910627730838e-01
2.465300375140846878e+00 2.895861547810692493e-01
2.693749776474137825e+00 1.779624136851010174e-01
6.182599800355528252e+00 4.620818339830987220e+00
2.533390910889668834e+00 3.094936778967284363e-01
4.408878087512709598e+00 1.143910683328574596e+00
5.960799409782219449e+00 4.683724054684495819e+00
4.349555720139587578e+00 8.007205200509416310e-01
5.890631945649759338e+00 4.573757109011478583e+00
6.103259042919665589e+00 4.557184835042175308e+00
5.809598289436815222e+00 4.534747945966778992e+00
2.605235329224470320e+00 3.133713910386370372e-01
2.643394623855094938e+00 3.394839304682251702e-01
6.009590512364861858e+00 4.842574955460118957e+00
4.301524932429406256e+00 9.707577992006152234e-01
4.372101125679510147e+00 9.625856204559625207e-01
5.949580761160051523e+00 4.634932053811930075e+00
2.688043390835064272e+00 4.234861604859037065e-01
2.507253404564504073e+00 4.386374037516960200e-01
2.689421601118839877e+00 3.082274380994438623e-01
2.727336398629923941e+00 3.605822712841758038e-01
2.634441846028398260e+00 2.703363633004146060e-01
5.922120832241053456e+00 4.567087864164820488e+00
4.370696169777393614e+00 8.762287830480167683e-01
5.977753488190422182e+00 4.608345157578607854e+00
2.610615325443925272e+00 2.978334908519125745e-01
6.103147956575837085e+00 4.671809002013361578e+00
2.459617774105465671e+00 4.310689010928901443e-01
2.511273102244830024e+00 3.206468411242326955e-01
5.995275328543898219e+00 4.632159878021558264e+00
2.449076358899329620e+00 3.941455474155873828e-01
2.584508761954993794e+00 2.471519274933085819e-01
5.987051276732312743e+00 4.806760265169307544e+00
2.634548748831570197e+00 2.588912169915559836e-01
5.778466910711583360e+00 4.736884356830782572e+00
6.012681026421046404e+00 4.745345797280586808e+00
2.640725367802415402e+00 1.942942066498365428e-01
2.649110926005786570e+00 2.745181470541001589e-01
2.668147906104568534e+00 2.467655416387262157e-01
4.327582503443154316e+00 9.005624251442728712e-01
2.595472231637594440e+00 2.436708926919083917e-01
5.933525149443506841e+00 4.658103017723155936e+00
4.377893676508028520e+00 7.678503056305513441e-01
5.886224429940002167e+00 4.672743371480135188e+00
5.948481776139550092e+00 4.459764104865740819e+00
5.895135920217304815e+00 4.553655985950298302e+00
5.947908159500090441e+00 4.594018950586885808e+00
2.501852233803451675e+00 2.986355333165536252e-01
6.026277142214508942e+00 4.674535299305271785e+00
5.798551200016445861e+00 4.552751666817595577e+00
4.301809194609917064e+00 9.083039541164790176e-01
2.620019792413169846e+00 3.483573062278594867e-01
4.351001995990630533e+00 9.617544980112188169e-01
2.734292366761920334e+00 3.273289459653521138e-01
4.233342307980691110e+00 1.128005788860887870e+00
2.541745049463160377e+00 2.805479723274076354e-01
2.636940374775190943e+00 4.012801076399656330e-01
2.359236942101540002e+00 3.101263973275243391e-01
5.812354329383569329e+00 4.628986662260331286e+00
4.290484032976166873e+00 1.022977452445239299e+00
5.745809993478618871e+00 4.730014342306916753e+00
4.394226959651850173e+00 1.010297128798159694e+00
6.045947942843648448e+00 4.520073137346845016e+00
2.484855174711021686e+00 1.410968402818054412e-01
2.568819296123062923e+00 2.395816992259472977e-01
5.852431219684899766e+00 4.496437619710055067e+00
5.841898185133638677e+00 4.661693698280902076e+00
4.280274845570266606e+00 9.124858953480612378e-01
5.815776511051522490e+00 4.590607853964129959e+00
4.213678778278739046e+00 9.005931647524423322e-01
4.511628450614677099e+00 1.057880818789590727e+00
5.968700909875958693e+00 4.622877807230118208e+00
2.666056070834673886e+00 3.994902718641019645e-01
4.140382631057131668e+00 9.569038013982125168e-01
4.297220065001161160e+00 9.969318555252092429e-01
5.979767253398849292e+00 4.820939756416878552e+00
5.893212390599749995e+00 4.826463150855966333e+00
4.344503771539025117e+00 1.041083131497598790e+00
4.155812466559984486e+00 1.149277864044269570e+00
4.416489661448221860e+00 1.155161229684004365e+00
4.399278974790835406e+00 9.267895608686184117e-01
2.650591402621806925e+00 2.948024288056542708e-01
4.414573399813727761e+00 1.097747947227788679e+00
6.033783518555615899e+00 4.750387991070004645e+00
4.109499583020694402e+00 9.192333926139472089e-01
2.421334585889932001e+00 2.450559074984662300e-01
2.611990474618535174e+00 4.338037383135435743e-01
5.969289498140647687e+00 4.561914124606614607e+00
5.988488429616952935e+00 4.609352889381965745e+00
4.219336288399997414e+00 1.046701536962990620e+00
5.811582095724612707e+00 4.715706362443913058e+00
5.971302071040846648e+00 4.550462671957638428e+00
6.023276293569983508e+00 4.646570874929133232e+00
2.474733200545774725e+00 3.914973219286677630e-01
2.463666904145513925e+00 4.243671402610404431e-01
6.075768788313656188e+00 4.826708590500944140e+00
2.541140329032378631e+00 2.207219874460610021e-01
5.730316984770227329e+00 4.609596614748785903e+00
4.134890906847738634e+00 9.524527924910795029e-01
4.420196054643779959e+00 9.676018098205581008e-01
5.777296289991607381e+00 4.605971713646574095e+00
5.751362266881583807e+00 4.638238915790728889e+00
4.126082471756032710e+00 1.007582638824773058e+00
4.383055249839471479e+00 9.632643345799608570e-01
2.862250481230725008e+00 3.212160774197608815e-01
2.625198471204402306e+00 3.934656418495678931e-01
4.433480533357072595e+00 1.174813916842606387e+00
6.007230354848632103e+00 4.711068660327142332e+00
4.467132091021616347e+00 1.048621441296345047e+00
5.676755707283804853e+00 4.734036052025192731e+00
2.469386324162256674e+00 3.733222755857391051e-01
5.906627938929664978e+00 4.687771632047679660e+00
2.758283187126239433e+00 3.436527806122867124e-01
2.507687841018571895e+00 3.738235216091492230e-01
5.841797775551530236e+00 4.749055347095709756e+00
5.858125414512779905e+00 4.668003503035607515e+00
6.018146852781663725e+00 4.543143444150627097e+00
5.978242084065041873e+00 4.661052929979974557e+00
2.486279133909853556e+00 3.397938512716590642e-01
2.612936623324041641e+00 3.834135875948183059e-01
4.486650735016812774e+00 1.295045254177182636e+00
2.568280173765961738e+00 3.995316518005694317e-01
2.455136884253332763e+00 3.748704190728781582e-01
5.930906287319802850e+00 4.669406970026688697e+00
2.702800903094669582e+00 4.103992505062608598e-01
4.346827575887036943e+00 8.959082047755979605e-01
4.256760927205721856e+00 6.094966494839092475e-01
2.471740996049647698e+00 3.708730228721840438e-01
2.485510402922782802e+00 3.592454755135182087e-01
6.080746658647616876e+00 4.642369968858753637e+00
5.961796042144082541e+00 4.545594596389647357e+00
4.262314359979368916e+00 9.998029286177855246e-01
2.616654871964659623e+00 3.156843996661309326e-01
5.730085933403130660e+00 4.563208395210362589e+00
4.335698668937908451e+00 1.052280607972189586e+00
5.924596031950813746e+00 4.434642799431271598e+00
2.647486647505397084e+00 5.327150523313483044e-01
4.396675909121283254e+00 1.059492279825474004e+00
5.923104200879844683e+00 4.491142501250190655e+00
5.919801699095188496e+00 4.580197445002976764e+00
6.099755779729504113e+00 4.706348917521749442e+00
2.714790316231126432e+00 4.001306138201877194e-01
6.055117462258322369e+00 4.682286252738208532e+00
4.143223058186439545e+00 1.059893889370489228e+00
4.293779501732091219e+00 1.072906685282023043e+00
4.351647197489342922e+00 9.477015722465879088e-01
4.434193863439342742e+00 9.669741702954641749e-01
2.776031123852398252e+00 3.568527376551892671e-01
2.530416463473274202e+00 3.329711902371715326e-01
2.584774491875891478e+00 3.341882794610760432e-01
2.613058726360057982e+00 3.246726320200952753e-01
6.042457677491082535e+00 4.530337845485907344e+00
6.158841674025882007e+00 4.685404205800367095e+00
4.400369747032391032e+00 1.278318014572493055e+00
4.163788864863549932e+00 8.376021868489362809e-01
5.860168764643168160e+00 4.671953252628597397e+00
2.615497156028324000e+00 2.666609903157246553e-01
4.363050272523791406e+00 1.159832409460807234e+00
4.293275246510127374e+00 1.005918692340835641e+00
4.315347014572890494e+00 7.789093344463516866e-01
5.870986521839621552e+00 4.644363466650625050e+00
4.471331554654744522e+00 9.478784120766087229e-01
4.431584154221546612e+00 1.027638736498640348e+00
2.604584835890298766e+00 3.894697632604167681e-01
4.335061718621033400e+00 1.007781093475709655e+00
4.501596379232078782e+00 7.634589914243350428e-01
2.605116544150544389e+00 1.804218248251100998e-01
5.856727351836417128e+00 4.466648621939265595e+00
4.350665815871154862e+00 1.060242263615899017e+00
2.743087611706648055e+00 4.584393308574134518e-01
4.379248729693092201e+00 8.607247868153444781e-01
5.935632271275821381e+00 4.598153356113764190e+00
2.465288667103799902e+00 3.197447673921735012e-01
5.925260902467866408e+00 4.664891227486309688e+00
4.448245573079200987e+00 1.023274134710531413e+00
4.198100395334706469e+00 1.065072402232117410e+00
2.635503366921847057e+00 2.213447448225787650e-01
5.881685607779295388e+00 4.902707557761443624e+00
4.475071050292141805e+00 9.633745053230750033e-01
2.562981805637188693e+00 3.793383319604088921e-01
6.017117001886226113e+00 4.795907818160276115e+00
4.278663288496417749e+00 9.269750436311340325e-01
5.907875814012895077e+00 4.668872058572432593e+00
5.836023463219602192e+00 4.500611881292670979e+00
4.183650379529001206e+00 1.050063590238839106e+00
2.758380373241739569e+00 2.612372816989339541e-01
2.454506232934344556e+00 2.969850490696095968e-01
4.180271855117632995e+00 8.702603134813634567e-01
4.381798260226258179e+00 9.748030359467906303e-01
2.616038395747013912e+00 4.039902998591297090e-01
5.797635485344430073e+00 4.805673830411934411e+00
5.957903827747439429e+00 4.655754581858100316e+00
2.652720420379948152e+00 1.698861129784665358e-01
4.449692729295041005e+00 9.519851821490897814e-01
2.484289076933201112e+00 4.449250995477447290e-01
4.330501887727138843e+00 9.985322444973327993e-01
4.423417660073799773e+00 1.000072089946344667e+00
5.750956562085328905e+00 4.567287229551562078e+00
6.002133319172269665e+00 4.715663366604718298e+00
2.534819270294659699e+00 4.304361485624710326e-01
5.947809811091084420e+00 4.606604673717728637e+00
5.952638892858081121e+00 4.509731760220272889e+00
4.312790642721036072e+00 1.067016858100203747e+00
4.441127613609220148e+00 7.656908636159638348e-01
2.622000882398803689e+00 5.051947311424872522e-01
5.901442169221525980e+00 4.572251630911059905e+00
2.419487611417698858e+00 3.257368255698213089e-01
4.261762168558933972e+00 9.576332259525894841e-01
5.916195207068122741e+00 4.622391785975773715e+00
5.907408797347338592e+00 4.465282313969641592e+00
4.252845220779501112e+00 8.763680907926445496e-01
4.343344726226200159e+00 8.096904606489955247e-01
4.219886009464752341e+00 1.026440602164011340e+00
4.351100002483533125e+00 9.228700992530957103e-01
5.946004639831778960e+00 4.444639880973415558e+00
2.583559451131103302e+00 4.193259954207638751e-01
2.712368922366413138e+00 3.168171874585581360e-01
4.407846415020986619e+00 9.741269679854834829e-01
2.569359011532491355e+00 2.450573600484058090e-01
4.339011815149067530e+00 8.100993368031501607e-01
4.356236260925180126e+00 1.003252467943005932e+00
6.038159399396392679e+00 4.619627501589990359e+00
2.599545846711251773e+00 2.442713121102075280e-01
5.672385007706901128e+00 4.765201575989250316e+00
5.908427677562750446e+00 4.705391125952420595e+00
4.389683027345889776e+00 8.563631799833869573e-01
5.874881292939965860e+00 4.751817416218443668e+00
5.924097877348310170e+00 4.727204029075205760e+00
5.991954355550070943e+00 4.644746295568532801e+00
5.987982586132970297e+00 4.599788789632335728e+00
5.909522235180283189e+00 4.720716822756949149e+00
4.204234624803215858e+00 9.092266380360807254e-01
2.558843372202904920e+00 3.124695547826209507e-01
2.667147334058622477e+00 2.827826277530026133e-01
5.935827920656823409e+00 4.793630098152071639e+00
6.087490529543637230e+00 4.558238673865732338e+00
4.369377079038454958e+00 9.577307253753342131e-01
2.887597303029356688e+00 3.950276343960865688e-01
4.380807785220945938e+00 8.121221929733364320e-01
2.741236187942990288e+00 3.169497535981243286e-01
2.637205015278417441e+00 4.305396184253090786e-01
2.457847377279839929e+00 3.623167216683189085e-01
5.790475144644692485e+00 4.624914482775264624e+00
5.952721621248577399e+00 4.547731611010243036e+00
2.611044845689842742e+00 3.530456219063792256e-01
4.277088405525528714e+00 1.135224711322067037e+00
5.881506950654900479e+00 4.738330318579351719e+00
4.397403753038335417e+00 9.308187610008570312e-01
6.070066049749596182e+00 4.624069444134826234e+00
6.032275638413086227e+00 4.527714234478379396e+00
5.895288667204638955e+00 4.633353069659292167e+00
4.293511180456066612e+00 1.099174562329437332e+00
5.896210887619885987e+00 4.625439185460979097e+00
2.642368921824608474e+00 2.363772788686499815e-01
5.861639476833901519e+00 4.668016241465782201e+00
4.088734073076627951e+00 1.020006597775748647e+00
4.171790420657835341e+00 9.713092539990800800e-01
2.625841573282970742e+00 4.572581667310403053e-01
4.300364423564578154e+00 9.875961107339299438e-01
2.552568470506240139e+00 4.547927416084026064e-01
5.864188759831800546e+00 4.594983716953143116e+00
2.608645397673603483e+00 2.704829180065596028e-01
6.106587285829428779e+00 4.613338208644925054e+00
2.557643462585365679e+00 2.698206419430679848e-01
4.301317858811784411e+00 1.135838217370274794e+00
4.359093983610054401e+00 1.108480722074951963e+00
5.940400807428122043e+00 4.510333557089173162e+00
6.020429540337456586e+00 4.556229827781347552e+00
2.603755702709084296e+00 2.304087636906282932e-01
2.467472676849059798e+00 4.562660346437565351e-01
4.074944609727175759e+00 1.064835557778747610e+00
4.220200757919497114e+00 9.916501341674268666e-01
6.017173731441000761e+00 4.702651342174257287e+00
2.797451240085184310e+00 2.098812105792857430e-01
2.446021595448256036e+00 3.512126204650364292e-01
4.429201510475351711e+00 1.090363520678162557e+00
6.007149320104884893e+00 4.520261230427082388e+00
2.384476143316144103e+00 4.375206830162635119e-01
5.946362172287592784e+00 4.695194393797038401e+00
2.487429985380809505e+00 3.057521338125379629e-01
5.950212442085579312e+00 4.641297181184866005e+00
2.522286311870262754e+00 2.255067559930946930e-01
6.124706302467015639e+00 4.674310597433025016e+00
5.764519082458612331e+00 4.704411773863181878e+00
5.964535136968843076e+00 4.389427916627882453e+00
2.322434553983189431e+00 5.299801885175637883e-01
4.326167318031722608e+00 8.671023772151942310e-01
2.603602037850412998e+00 3.168462752942859395e-01
4.428504466673290452e+00 8.339351943158859193e-01
5.925418686251516576e+00 4.724607575190728603e+00
2.495349907027117897e+00 1.060689849522970518e-01
5.945456692210180805e+00 4.708655298901898156e+00
2.488213714983906755e+00 5.026730938359171841e-01
2.743492219851324077e+00 3.841024642211085527e-01
4.459089181793119749e+00 9.573687750088791804e-01
4.378392060450277512e+00 1.051441470241397669e+00
4.286179460752367554e+00 9.070314281741340690e-01
5.895644277187473747e+00 4.623720816942521239e+00
4.357175316840281809e+00 9.953679157151803514e-01
4.290898448549018696e+00 1.164408957984619519e+00
2.714856888558246695e+00 1.640676725451210294e-01
2.681623896464776724e+00 3.909135910296800964e-01
4.363469708998045427e+00 1.053300781264585373e+00
4.441165466060154721e+00 8.489083387504317013e-01
2.666473567994748883e+00 4.689168179938532077e-01
5.765601893932782218e+00 4.669784016655657233e+00
2.571579948756121059e+00 4.617316337593476150e-01
4.175009937218908007e+00 1.155357341356791245e+00
2.568069774979643505e+00 4.239169111413093605e-01
4.225053013257869416e+00 9.860119289037609924e-01
4.507446534988116760e+00 1.085506895964409635e+00
2.673820408114107039e+00 3.487510372713825135e-01
5.998328663061121446e+00 4.696513386792219080e+00
6.006829943158621177e+00 4.613529782950625879e+00
2.654895467916872587e+00 2.928427200189105406e-01
2.520476192167474316e+00 2.935370784861411897e-01
4.345761070072349241e+00 1.128663008976036997e+00
4.407837550482644140e+00 1.020622294861236456e+00
5.949359634766638649e+00 4.573206565076707975e+00
5.964084965428739338e+00 4.683495344761636758e+00
5.926190919381109978e+00 4.763079956527076497e+00
2.675716219408580177e+00 5.696980368860471433e-01
5.712833013135860227e+00 4.614287270338725655e+00
4.292714279008185585e+00 1.033956985036481591e+00
5.941674060364554144e+00 4.746931672800432267e+00
4.349930725809709742e+00 1.113372315013962499e+00
2.732711492504427131e+00 3.989408527999372955e-01
5.801798710342128906e+00 4.522111073947937321e+00
6.135299011307182582e+00 4.557678125148028059e+00
4.422995295351348943e+00 9.000228430886074715e-01
5.714984737984138086e+00 4.747319743808378512e+00
2.421229945157399310e+00 4.821521152712446856e-01
5.856826979943419609e+00 4.624278387785575539e+00
2.487526793400518965e+00 4.562830684574138984e-01
6.051228767846234646e+00 4.608186913308796484e+00
2.505974363094213953e+00 1.312203369321651991e-01
4.435222104617867700e+00 9.896475144776717414e-01
2.582593488984949559e+00 3.716818670067921215e-01
4.453988555239666525e+00 9.993162474990032740e-01
6.028512530191140861e+00 4.679599528314641432e+00
4.434169811495089597e+00 1.199909329612978581e+00
5.985823554929919688e+00 4.619004777783363380e+00
5.918429863200889152e+00 4.695326561804902710e+00
4.384953441569752641e+00 1.109859600214776254e+00
5.931365959904196572e+00 4.630805839084658260e+00
5.873047973379682318e+00 4.713834663426165861e+00
4.421745101849933413e+00 1.087313216452933995e+00
2.340110292663358127e+00 4.458194974682091472e-01
4.211569559189160650e+00 1.187570137763057199e+00
2.736377670361584524e+00 2.323471628124759158e-01
5.863117609342199721e+00 4.552906073469647374e+00
6.087323600291141723e+00 4.507412985179856335e+00
4.451294001918038035e+00 9.544701001157316345e-01
5.954845644721573628e+00 4.658610183214592304e+00
4.375491026622798429e+00 8.689599132067785670e-01
5.837880738837236017e+00 4.570884159824165849e+00
2.565759674212360064e+00 5.231380803911437338e-01
4.372361613744005560e+00 9.392367972118608188e-01
5.868966896676482747e+00 4.633592642725282928e+00
4.274284451670800955e+00 8.249520257915478050e-01
4.522812856683608551e+00 9.023845708817949118e-01
2.634740233577128166e+00 5.188807251826095257e-01
4.271220819822925563e+00 9.238718960213955222e-01
2.563974561148692377e+00 3.848662836610723392e-01
5.870549363694015810e+00 4.590690361434720757e+00
5.690438540765456743e+00 4.654463422014505802e+00
5.864298021585544696e+00 4.465064755716475986e+00
4.515841109098351680e+00 8.338091525701554207e-01
4.286301663591962630e+00 1.049050802802249382e+00
2.597135378313653042e+00 3.883545067637408366e-01
2.483177712312990337e+00 4.503101907931570391e-01
2.634909687214433749e+00 3.339074152874069723e-01
4.373163080951013804e+00 1.066072102176292002e+00
4.346723849304481746e+00 1.090159083858537548e+00
4.366405403479773462e+00 9.634634928698176948e-01
5.907984988056331765e+00 4.636547313059397268e+00
4.356606659981549612e+00 9.940249422734150908e-01
2.557753443645142344e+00 6.155260562340960639e-01
4.344115476219933214e+00 8.786363562479073686e-01
4.371885295923079617e+00 1.158144676936690098e+00
4.185620858633218866e+00 9.984764125768499365e-01
4.354250815424991927e+00 1.098435794505626673e+00
4.442882907553288518e+00 9.548666745240440568e-01
4.546020480840132549e+00 1.068625396223656931e+00
2.479785651532128377e+00 4.589109895710551945e-01
4.393027810576246139e+00 9.798056307467035708e-01
4.190460847315550907e+00 8.900383420428753523e-01
2.635822943644481775e+00 2.080723518285604590e-01
4.373761385085929376e+00 9.536065306736505320e-01
5.801313307865260782e+00 4.592377439155296059e+00
2.687669592871811286e+00 3.658207455642839556e-01
2.464162382226518400e+00 2.365417244177074607e-01
2.670928312937278282e+00 4.824591796004350508e-01
5.783039704572841444e+00 4.492758999094507821e+00
5.912919504590697706e+00 4.769425689031472793e+00
5.863592589161028990e+00 4.636064835386615179e+00
4.457024083138538373e+00 9.785744864576669810e-01
2.802535677389565993e+00 3.812149622221971401e-01
6.154121831812822130e+00 4.633050089952527983e+00
5.918667526790124533e+00 4.747416756594329712e+00
5.790342516375792670e+00 4.701173167989487922e+00
6.051883479374408736e+00 4.859721127044497102e+00
5.683883637352325380e+00 4.607847003420134868e+00
5.748493746772532553e+00 4.656891366487799999e+00
4.374105313527865135e+00 1.097296889356192739e+00
2.498001161108061030e+00 5.367309690803234723e-01
2.389599125899033005e+00 3.433117720808863682e-01
4.364745205190429189e+00 1.058270940908131674e+00
2.567859465428346866e+00 3.500484295071501495e-01
4.475686169058997521e+00 8.692448176294734763e-01
4.325776452249620263e+00 9.909136205487731885e-01
2.469244119135938220e+00 3.818107568811118790e-01
2.635972999590779686e+00 4.886407864012425328e-01
4.214208568851288028e+00 8.667056594707022166e-01
4.351093402889546269e+00 1.059104718169189496e+00
4.412495433816199686e+00 1.027985342060579343e+00
4.398186224580998172e+00 8.997184628100030057e-01
5.870557566191087595e+00 4.393452578344545500e+00
5.737098423479071840e+00 4.658120204132927711e+00
5.950990666371774651e+00 4.604948962990528472e+00
4.368388455280133975e+00 9.682286978200348448e-01
4.218533411070644945e+00 8.669742521317764794e-01
2.599122744421520803e+00 5.246781356154031073e-01
5.845516767749256992e+00 4.660196003262053743e+00
2.826770432634488017e+00 3.523630206228697270e-01
5.944156618978165163e+00 4.672809233257884998e+00
4.434818153772140725e+00 8.890579819068977763e-01
2.430533161167526490e+00 3.739972660252626757e-01
5.925489771128471972e+00 4.578400151885619884e+00
2.529562817925129714e+00 3.620788767558403842e-01
4.222187537428522930e+00 9.014670448158282889e-01
2.651554930125294973e+00 4.368694212242630326e-01
4.229301574295052824e+00 8.598657996883436461e-01
6.051142801213439171e+00 4.424589673517115074e+00
2.500345401213586616e+00 4.326443067999727332e-01
4.281115949916905805e+00 1.001326216001740654e+00
6.169407649425595608e+00 4.595823054402771390e+00
4.218243712302697901e+00 1.065879182821143800e+00
2.491906202634879719e+00 2.055322648796782670e-01
4.310874882404343467e+00 1.002607457742704211e+00
5.853687924777668528e+00 4.475865411745092004e+00
4.558543412483386348e+00 8.842046904161794396e-01
2.684229906898129236e+00 2.469638246147906890e-01
5.846191417069622531e+00 4.602457259152547664e+00
2.611875314359104472e+00 4.102185459718199478e-01
2.332944553017286982e+00 1.886256771729643011e-01
6.007249717823406776e+00 4.543168890820287409e+00
4.362811698163077345e+00 9.788398314901916031e-01
4.382350836834193686e+00 7.577874105702715468e-01
2.380616154792834838e+00 5.165108505309807807e-01
4.163418238507189173e+00 1.060451094862336685e+00
4.197539864915902363e+00 1.117806727073390904e+00
4.287603009993659953e+00 9.690001686596386721e-01
6.075087643694716988e+00 4.683479740681847581e+00
6.006072846751946415e+00 4.561776574927235650e+00
5.913855333887051202e+00 4.659045747472431387e+00
2.566653307314957111e+00 3.355494157370880193e-01
2.663667204103445041e+00 3.955066002870335495e-01
2.495405465308349058e+00 2.759163009741248951e-01
5.927822632257361946e+00 4.737271284198659060e+00
2.548657077061368348e+00 2.529235813661789289e-01
4.445485353621026370e+00 1.042004814073788754e+00
4.340829668084534632e+00 1.290625943252544650e+00
5.911261387981782356e+00 4.710458513159434979e+00
6.040550897668924613e+00 4.694016091003307523e+00
4.181556697250520038e+00 1.119911766894119420e+00
2.327266551540219108e+00 2.774058117922580391e-01
4.317150611834910556e+00 9.491637795624046081e-01
2.507373953284611101e+00 3.241514206010948085e-01
5.767780449404814824e+00 4.613865066015579330e+00
2.685588066500689042e+00 3.547535403836770129e-01
4.406543252785364295e+00 1.059957049320823019e+00
5.878678673001834554e+00 4.619745325670065128e+00
5.934418673818273149e+00 4.421915461132635450e+00
2.683024400572118218e+00 4.160090125020975416e-01
5.876069854914909740e+00 4.433263536171538455e+00
6.029243662163587203e+00 4.560903848337014566e+00
5.849450843237823605e+00 4.412655596407900838e+00
4.285568811090072927e+00 9.547299839027063584e-01
4.233318017225122354e+00 1.084967569117327502e+00
4.298707919483022444e+00 9.786312655941431515e-01
6.030080094238549293e+00 4.518879847185738541e+00
6.025683564297180439e+00 4.619490469188000326e+00
4.252937326957793474e+00 9.462511312690274901e-01
2.501292741191471158e+00 4.033974193582994250e-01
2.582176731869029407e+00 3.332724307001613817e-01
5.840581158962302233e+00 4.511232624447127471e+00
2.566066635779560290e+00 3.737807483423792876e-01
5.927070805279862853e+00 4.574960549105481000e+00
2.569290014419979062e+00 4.043091490236687124e-01
5.934380685656290844e+00 4.599828253301663672e+00
5.862317014868096088e+00 4.784006198793115949e+00
2.703496148530303067e+00 3.705917678024557294e-01
2.561945960949264744e+00 4.024768073219568976e-01
4.379629856930662868e+00 9.580797735715310681e-01
4.187413565050873920e+00 9.904750441598791921e-01
4.316743349277558650e+00 1.057002922510985599e+00
4.364442734957974857e+00 1.001920272337796236e+00
2.503113847392743452e+00 1.470823846871148755e-01
2.671836468162208877e+00 3.844286846284215575e-01
5.938461554115789909e+00 4.636115854556517313e+00
5.918809398548227740e+00 4.550673212862013983e+00
5.965019262859957649e+00 4.573282680737269956e+00
2.599173772404208549e+00 2.487609907132917741e-01
5.920480411339392290e+00 4.569081845743931503e+00
6.026000425130674465e+00 4.571540676735473596e+00
5.799881695543174231e+00 4.817107186892079618e+00
2.716261916450889657e+00 3.917515200413293486e-01
4.317492406695898843e+00 9.927506551559398540e-01
2.638781357395887817e+00 3.267362408215999658e-01
2.426070031650150671e+00 3.861495184389472923e-01
4.229153873107516226e+00 9.457403397430734771e-01
4.163780779537185062e+00 9.850964060036914161e-01
2.626565199991066635e+00 3.475029556335658687e-01
5.996458162485931886e+00 4.687014956787025177e+00
6.020116500938532234e+00 4.654088119882251462e+00
4.270648937793050770e+00 9.340313955349182073e-01
2.622830695394815503e+00 5.451036534664749356e-01
4.436952332216811179e+00 1.024926294176480512e+00
5.953023357770701907e+00 4.681352732450392296e+00
4.287762475982572319e+00 9.565532222933434969e-01
2.540493678444450065e+00 3.467549079421158309e-01
6.112874542004407274e+00 4.706701435593275029e+00
2.477209609292803094e+00 2.680164817790659515e-01
5.911741828963091194e+00 4.432602521617398317e+00
2.500041257236241155e+00 3.345989332740819666e-01
6.102348618098614175e+00 4.606474033562581560e+00
5.931303222916201712e+00 4.592749197555878737e+00
4.331454373615632569e+00 9.657795739512847755e-01
2.627154650991131213e+00 4.291656441586634285e-01
4.532051351477156764e+00 1.127977528950611541e+00
2.716657659266808356e+00 3.760202602169885888e-01
6.007084251930617569e+00 4.706753598655722293e+00
5.906727942375838758e+00 4.760829014905569423e+00
5.937204249551952806e+00 4.803204069264462639e+00
5.967980655711516036e+00 4.662137173510367383e+00
4.506365852756552215e+00 1.002893763675515748e+00
6.030591447742510880e+00 4.508568352100238208e+00
4.004690007262654561e+00 1.005119395179339792e+00
2.610888008629430601e+00 3.978333495184012691e-01
4.375955320972034102e+00 9.756454898541726539e-01
2.572376781178935978e+00 4.180498233705491895e-01
2.691987103617903276e+00 4.914146820354244882e-01
2.440455478705836345e+00 5.693466649985070571e-01
5.917357479731836456e+00 4.636321416132725304e+00
5.942433816528420287e+00 4.761840887542295953e+00
4.343536860424726420e+00 8.198489613662015563e-01
4.335237792916295518e+00 9.519749253604131711e-01
5.882371726049355765e+00 4.559713394138222853e+00
4.319131650027603797e+00 1.049667091870908564e+00
5.861884318138652183e+00 4.606522077165638329e+00
5.978330495463871408e+00 4.563383380484939522e+00
6.063217164822571448e+00 4.583258892786486349e+00
4.483956695584917718e+00 1.114770259551556064e+00
5.946605195064031513e+00 4.624137786084991042e+00
2.786115254177913059e+00 4.095264977018047148e-01
5.813877160715079206e+00 4.824043365732988420e+00
4.233242807784688644e+00 9.734592393870218352e-01
2.348738377585557036e+00 2.739891516105490976e-01
4.310838174802374745e+00 7.895451360909834237e-01
5.959669564711398415e+00 4.602877355041194107e+00
2.655510527274999255e+00 2.095953073785205290e-01
4.379601279043916939e+00 1.077871662202618097e+00
2.716046311664452428e+00 3.306220467778359651e-01
6.068208479254369792e+00 4.473048263452005457e+00
2.411469187323049379e+00 2.560464415141696093e-01
5.986777819876155426e+00 4.394272209561214559e+00
2.507414647809062203e+00 2.752279991580248164e-01
4.357067909029664676e+00 9.896596855219118583e-01
5.993641456377217125e+00 4.681852150353092767e+00
4.325839781026685316e+00 9.542608322931163123e-01
2.692257366534742680e+00 4.745460583451340253e-01
4.437464734506393782e+00 9.520393385546342957e-01
2.764725951901422896e+00 5.061834438808683334e-01
4.341499068256535310e+00 8.015223233975630190e-01
2.474994413094426804e+00 4.785840667785941083e-01
2.596025626855323676e+00 3.216380183920524716e-01
4.527702011848556474e+00 1.017692837762526503e+00
6.135572613176346835e+00 4.522244559262690089e+00
6.047819157300158288e+00 4.588059514075757406e+00
2.730831256923379247e+00 4.174634417296564370e-01
5.915411093408274645e+00 4.615034404469895435e+00
2.682565702632325078e+00 3.080755824432795387e-01
5.948334477043860424e+00 4.453827255889592607e+00
4.426371597244399325e+00 9.081537338660438108e-01
4.475154007902329312e+00 9.615216089901048591e-01
2.538298708139670179e+00 3.996108023031220147e-01
4.285347737080227759e+00 9.284451589601447896e-01
4.265142654953603341e+00 1.049860727310733655e+00
2.884066198041896456e+00 4.545161865060279860e-01
4.356221549707100849e+00 1.067063622343124241e+00
4.517895711047390073e+00 1.000686745632366703e+00
2.518465908151833244e+00 4.932070006250669492e-01
5.775192503860171023e+00 4.613570821963036472e+00
2.493701698206521655e+00 2.522344286710142547e-01
4.466616374831963832e+00 9.984745568138405636e-01
2.703670645289080632e+00 4.060589222301482226e-01
2.530674209392124840e+00 3.538602361925286544e-01
2.444480884587441505e+00 4.577780648691880394e-01
6.008450863201021619e+00 4.467754348848941959e+00
5.931797654427295896e+00 4.423809796813704232e+00
2.663701037298549235e+00 3.228674501214296999e-01
2.531383243163759289e+00 4.459032289834924390e-01
4.242824498944826495e+00 8.862077251402813438e-01
5.865099248523049091e+00 4.508738327722327632e+00
5.917356010959095691e+00 4.713546520166832288e+00
2.622512129925939739e+00 3.744906275715819133e-01
6.170457833322023689e+00 4.629363659323410651e+00
4.187571477336276438e+00 9.476276493699800074e-01
5.854645221096114405e+00 4.570977789638752675e+00
2.698785516769538706e+00 4.247397391627799612e-01
2.541424483354728814e+00 3.603097791517695936e-01
2.763325052650332569e+00 4.775081119706934274e-01
2.457519664139560689e+00 2.387320421056761954e-01
4.317784487044185049e+00 8.854476375000364108e-01
2.535274664634632469e+00 4.284208587084404884e-01
5.892784131422323490e+00 4.614992650122911044e+00
5.583231077473288728e+00 4.809022703143550181e+00
4.486493827779064247e+00 8.956564334096830393e-01
2.569258841116332626e+00 2.909537687037155873e-01
2.574042948633333161e+00 3.748994464156497619e-01
4.499540429866837776e+00 9.963852924887508511e-01
2.559919662349432468e+00 3.238391127960004168e-01
2.668497147639886879e+00 3.343432519357517063e-01
5.996680052293251073e+00 4.644303052622945849e+00
2.611424854117982086e+00 3.685585908600610971e-01
5.837898484115356723e+00 4.735050345744753031e+00
5.871214187875034796e+00 4.584968553509505718e+00
5.898137672845760626e+00 4.533977410805697161e+00
4.129428823046575658e+00 9.575050273095576658e-01
2.668337608022353535e+00 3.103867673473637012e-01
4.309779122196863987e+00 9.426287917868565458e-01
2.552344852481441606e+00 3.550420467643068956e-01
4.260207482908974441e+00 1.108093141433600159e+00
4.374702907372133964e+00 1.056750672524130241e+00
6.077475549576520031e+00 4.688085918519719009e+00
5.912981375882350399e+00 4.817568791144133833e+00
5.930415600581364188e+00 4.850196932124526406e+00
5.874665064005089476e+00 4.580896502784194801e+00
4.272992362752266793e+00 1.011102995556210971e+00
2.594914445337784148e+00 4.363792517219453049e-01
2.576943275729490779e+00 4.284038709890684582e-01
5.730723530012444833e+00 4.705750646989075747e+00
5.958862774760525838e+00 4.566807765952374254e+00
5.989587374497513217e+00 4.522667164021775044e+00
4.365640911257134604e+00 9.654823584181230212e-01
2.494943539095252127e+00 3.670984116387124851e-01
6.010501721701332123e+00 4.608478491619459660e+00
2.572741106843996928e+00 2.624928978036608074e-01
2.818704571611136522e+00 2.736137121261703053e-01
5.771567712656795024e+00 4.654320120239697545e+00
5.864460460385980234e+00 4.591817783427471156e+00
4.300601347866387592e+00 1.004155818306991188e+00
2.567423942552720106e+00 3.232079269858098569e-01
2.640662229672730898e+00 2.789418776749782447e-01
4.453898647349245010e+00 1.035233806937243539e+00
5.906449743962627785e+00 4.694303377325891979e+00
2.601526310699730171e+00 3.526533966277408116e-01
2.639912343950134410e+00 5.659108184007681785e-01
2.583489594074725559e+00 4.664818166247131637e-01
2.467077471064804683e+00 3.290919226077737569e-01
5.845663515308384461e+00 4.657835170928366075e+00
2.703813174163667288e+00 4.572716617704858932e-01
2.744774500240483750e+00 2.865241468412847436e-01
4.406594972058194060e+00 9.549362547101630794e-01
2.675412760455268213e+00 5.606258810589139774e-01
2.497273050572623720e+00 3.904851117801096949e-01
4.287180738321596962e+00 9.763442236596008295e-01
2.526777773263066074e+00 5.739020347897541008e-01
2.781117831046135525e+00 3.772242453096514847e-01
2.561000589783147152e+00 4.736543940158945420e-01
5.922609583349727203e+00 4.635935712080223148e+00
2.689715304204322255e+00 3.901594401482126884e-01
5.940907968021767793e+00 4.607149422812661044e+00
2.552458787149742392e+00 4.123808120987966230e-01
4.225181216171274734e+00 1.083524997204731610e+00
2.649512789160623605e+00 1.909987651043576762e-01
2.555796437364559193e+00 4.750712717963204712e-01
2.646573644572522532e+00 3.879229993678081079e-01
2.450655691837835271e+00 3.221921814256415439e-01
2.609389414418897601e+00 4.041456917169004015e-01
6.054900353699428805e+00 4.593907711749807277e+00
2.554832658620275421e+00 3.149428484224531255e-01
2.501470436719077650e+00 4.621333486274159519e-01
5.824449716642563502e+00 4.633953837699560374e+00
4.337935157770095529e+00 1.088538576475680308e+00
4.453716034997821538e+00 1.162284942052018488e+00
2.390211071111726593e+00 4.602041208402334327e-01
2.595457196338539774e+00 4.232596218928886822e-01
4.306790872961141936e+00 1.045504130337270521e+00
2.537821057036159900e+00 4.543380231994286200e-01
4.415393834873482248e+00 1.123996895062767454e+00
2.592031690508688868e+00 2.940868480241639049e-01
5.970806728924655360e+00 4.511972886477392919e+00
5.839982695704640570e+00 4.626462132772756419e+00
4.384041378749671480e+00 1.089781563275658227e+00
4.239370145543916557e+00 9.166071557250519142e-01
2.543231797900325386e+00 6.579266397973644320e-01
4.308616844454072670e+00 9.420920315761691644e-01
2.628145756226843766e+00 3.275611374540754461e-01
5.819724913851286097e+00 4.786536440233279066e+00
2.626113982331091279e+00 4.077679782042557544e-01
5.903921034175105831e+00 4.609878423047494955e+00
6.074513783961389635e+00 4.737451332493412437e+00
4.245044874924497336e+00 9.845164818874641011e-01
2.517440297097355728e+00 4.782262861881508842e-01
5.822533475434795491e+00 4.699296208809069064e+00
5.982814877714518254e+00 4.962394301725739254e+00
2.516903390419445330e+00 3.684632318422128017e-01
5.925252905859719199e+00 4.452497478731852532e+00
5.860961713666164030e+00 4.734288286138954582e+00
5.939926390291505598e+00 4.579962416327917119e+00
2.702739621364648848e+00 3.207430695603139537e-01
4.378422454935030572e+00 9.579086802842997628e-01
2.730870098595681750e+00 4.445651267323419975e-01
4.312576152517439532e+00 1.025659441266548511e+00
4.478741303641676552e+00 9.113897066208119790e-01
2.614894214899624370e+00 2.781779006700273449e-01
2.545604881322116597e+00 2.985858395665855758e-01
2.515846396128273099e+00 3.874954595212081188e-01
2.619863060483858419e+00 2.321854384783638703e-01
4.320381139113418811e+00 1.140000467508110127e+00
4.161074812191439598e+00 1.038641548790849356e+00
2.411985117290397440e+00 3.893237041345378735e-01
4.307205889614753147e+00 8.558976001979049508e-01
6.012130787936011522e+00 4.542658934717008101e+00
4.328423012921794211e+00 9.746684804756872156e-01
6.046907667930868868e+00 4.663758447585746758e+00
4.304170920137182499e+00 9.346751482697450708e-01
4.278439093398517912e+00 9.501828151373082898e-01
4.341887633778362954e+00 1.109738691017549739e+00
4.355285898288495439e+00 1.012674988001925680e+00
6.055123986161104810e+00 4.517288806521530198e+00
5.804155091267062083e+00 4.584866955537425959e+00
6.013547571590587282e+00 4.593818816741412903e+00
4.350158926662674119e+00 9.722334163118114825e-01
2.591103426724263414e+00 3.907259192623518396e-01
5.755163740175163412e+00 4.483089704528188335e+00
5.809542382126656079e+00 4.666206398838017577e+00
2.475778504092427834e+00 2.593255752016786486e-01
2.570754093347561220e+00 2.205506891965411109e-01
4.359649508304369370e+00 9.113588651001651719e-01
4.313337685790804343e+00 1.007496453981914897e+00
2.352025111300483307e+00 3.957499208268311364e-01
4.367695401623411300e+00 9.487696722769978219e-01
6.002584340162211873e+00 4.393781242307739809e+00
6.020122099811169747e+00 4.600424265386673817e+00
5.938623905590813656e+00 4.651110383624097899e+00
4.381166991084779028e+00 1.132595431291137933e+00
2.586074790453148697e+00 3.981923858963224983e-01
2.785709591972400645e+00 2.640610521247616083e-01
4.178647007040649619e+00 8.539870515355461045e-01
4.352331686892561002e+00 1.020250182058090704e+00
5.837488582001888027e+00 4.467677026892346248e+00
4.321447501961641180e+00 1.171230284594954263e+00
4.187272333179534733e+00 9.937343216575817983e-01
2.648527259763370889e+00 6.004266842031131812e-01
5.894046584635042940e+00 4.613950639830341593e+00
4.288993786396479990e+00 8.252502531984564627e-01
5.917184527094243585e+00 4.674886480777666442e+00
5.952776346922735939e+00 4.677567424709328847e+00
4.209442752298709678e+00 8.730490987306113171e-01
6.109972856124444185e+00 4.496659108582486297e+00
2.739383830428170796e+00 2.350924026714105164e-01
2.473751338921368781e+00 2.771675804506816831e-01
6.080547812051843692e+00 4.573189556441343839e+00
5.991801180689256157e+00 4.675524461598285164e+00
5.774297426292900326e+00 4.772258462747050345e+00
4.368704559646478636e+00 9.221968801189979192e-01
5.891702447334443704e+00 4.657401955271601501e+00
2.500649812898379398e+00 4.387690558008304209e-01
4.337310968791767252e+00 9.935529589547619223e-01
4.395580149601469699e+00 1.024113936361302990e+00
4.154834916315264692e+00 8.852557841011017281e-01
4.408647263351753054e+00 1.070859413453746356e+00
2.746705304521520841e+00 2.409066724961221595e-01
5.870688370785255294e+00 4.474806644827165947e+00
4.270912767187820869e+00 8.564203389884271767e-01
2.659158256363877815e+00 4.414557771900280980e-01
4.090823505668852889e+00 8.366711533101056641e-01
5.900556778005386249e+00 4.848533886095541590e+00
2.454959650707476015e+00 5.183207390858948216e-01
2.730438549457700148e+00 2.238817232233917265e-01
4.389073285127762958e+00 9.864572486383750283e-01
2.637415524795109878e+00 2.856563589564005690e-01
4.298812265917921316e+00 1.104073720175090090e+00
4.430098871960947093e+00 9.345472062973191330e-01
4.357879853158380890e+00 9.911524226791469383e-01
2.646698822683222208e+00 3.704124961997770082e-01
2.581199337502935176e+00 2.756299307308107682e-01
2.653158677181936653e+00 3.520711955420281480e-01
2.548697290352253120e+00 3.834484862302967589e-01
4.044509007417169677e+00 9.284166877686608199e-01
2.567398718555090831e+00 2.586626700188611738e-01
4.494315157538119720e+00 9.479359597385671465e-01
2.461129012194712029e+00 4.220125611337821603e-01
2.470615136601786332e+00 3.261161543104943439e-01
4.308232287276258177e+00 7.936233200708086022e-01
6.084105385509703368e+00 4.556228835165544666e+00
4.340010794937685823e+00 9.205775613403063273e-01
5.808669394707202116e+00 4.641058705439728982e+00
4.484617368568566853e+00 9.812407774234541691e-01
2.637631199940709603e+00 2.935331168540229463e-01
4.440417002704992733e+00 1.054312608363816572e+00
4.109721109911959047e+00 1.043885349366740600e+00
4.418667786349348425e+00 1.139622183311345571e+00
2.553920443732707213e+00 4.674068524868973951e-01
2.490981096627700175e+00 3.484312274201703530e-01
2.510144466509299566e+00 5.363913614022080001e-01
5.964734081539901034e+00 4.655172309054660396e+00
2.629740392466139998e+00 3.347320269710141738e-01
4.344454682858024164e+00 8.736206673204768292e-01
5.821895212752436599e+00 4.667571946952195461e+00
5.861944934879510072e+00 4.533707761313902296e+00
2.550558847403124663e+00 4.318696557781107614e-01
5.978232967241306817e+00 4.503347563416431498e+00
5.891064132612795490e+00 4.631548743415773828e+00
5.914480797543206769e+00 4.590894689852281552e+00
2.704294168902688256e+00 3.742225770824358921e-01
5.822215765916501695e+00 4.553879774759410637e+00
4.312059039970341345e+00 9.802854032377944504e-01
4.443808889935898954e+00 9.518211073267479616e-01
4.213473908322874273e+00 8.346961369574311673e-01
4.204808655253307492e+00 1.121924065649904323e+00
4.372707238301788202e+00 9.734479838598650847e-01
6.039461729075859431e+00 4.777553880478970783e+00
4.304453100084697503e+00 8.911384826124566505e-01
2.420825766989689765e+00 2.090968414963644550e-01
2.696164286996781900e+00 3.505010140951343445e-01
5.789529970191042096e+00 4.601385574964156788e+00
4.365468327145596739e+00 1.099134372554857908e+00
5.872410525212687915e+00 4.464618808524456028e+00
4.318929562936129507e+00 1.093160426990439582e+00
2.684024072730826660e+00 3.420140846744657570e-01
2.759960357371475492e+00 3.218434834667743272e-01
2.589391147637045698e+00 6.366715670466926991e-02
5.910057249781706545e+00 4.720114277332434938e+00
2.790406591335441000e+00 4.639821293348211917e-01
4.439223180479853426e+00 1.031530061711793067e+00
4.549615142372069876e+00 9.601445461060513775e-01
5.788882196947681358e+00 4.556062017188293289e+00
4.312135477238534520e+00 8.460462205362933030e-01
5.975987491240873695e+00 4.708216115631655541e+00
4.318650508327019466e+00 1.041040044947823651e+00
2.592719248620294348e+00 3.196477082659554547e-01
2.789957702517080307e+00 2.097594951105978822e-01
4.240967948460485637e+00 1.056130190607695640e+00
2.579385933482938764e+00 2.526639058424470785e-01
4.376914633794039666e+00 1.097399606700943053e+00
6.000582682595868356e+00 4.511616514017136481e+00
2.611112460659588574e+00 4.151261252936846446e-01
4.333710970591979184e+00 9.108739810338093434e-01
4.199413090065119647e+00 1.279615132115932141e+00
2.439040440350241035e+00 3.693600358101955528e-01
5.870628382145071988e+00 4.489933483547687842e+00
4.426193532738722958e+00 1.085564604012755785e+00
4.431347746489274542e+00 1.065055213114064925e+00
6.026529451594510256e+00 4.633087583201843884e+00
2.424943165233480524e+00 4.507328234174104442e-01
5.989592408808391610e+00 4.784219135154789804e+00
5.743201791437559933e+00 4.652162599801831000e+00
5.971732408669025105e+00 4.437653217367349967e+00
4.476375842938668193e+00 9.969892536838358410e-01
4.356567912455531655e+00 1.117897227763888113e+00
4.376530975223052344e+00 7.755464411072325870e-01
2.856222516809907130e+00 3.130060766691515339e-01
4.413143429474024160e+00 9.764030835569093014e-01
2.636816519191143016e+00 5.173929160153243334e-01
6.021735523184145400e+00 4.597228243389885449e+00
4.379670480250410058e+00 1.228536894607588081e+00
5.979570792275746172e+00 4.732467681105767987e+00
5.930783426060029839e+00 4.684140269261292566e+00
5.838671182266805815e+00 4.572123605218734177e+00
5.925329798533603309e+00 4.769905280867838826e+00
4.272841238114197360e+00 1.140627892729302317e+00
4.459695101925374772e+00 1.018873475411808283e+00
4.308552222075504368e+00 9.777310259453855235e-01
5.910143142422431772e+00 4.451878854920986228e+00
