729.0 1.0735502741621867 1.0564971654517763 1.0564971654517763 1.0735502741621867
734.0 0.9389269717964868 0.9015519368290528 0.9015519368290528 0.9389269717964868
741.0 1.0626545882413352 1.0102234462773794 1.0102234462773794 1.0626545882413352
764.0 1.0080867534961395 1.0710486266138184 1.0710486266138184 1.0080867534961395
776.0 0.9433874558733288 0.9663616594819485 0.9663616594819485 0.9433874558733288
781.0 0.9883992001971559 1.0785622382305495 1.0785622382305495 0.9883992001971559
793.0 1.0606957021405017 1.0898577502724662 1.0898577502724662 1.0606957021405017
795.0 0.9677040613992115 0.9244203950944421 0.9244203950944421 0.9677040613992115
800.0 0.9962726055366848 0.9774177893250001 0.9774177893250001 0.9962726055366848
801.0 1.008250498754424 0.9965615806100735 0.9965615806100735 1.008250498754424
811.0 0.9422488461482514 0.9105032873385638 0.9105032873385638 0.9422488461482514
813.0 0.9382549748543817 0.9502653974700765 0.9502653974700765 0.9382549748543817
816.0 1.0278914604250953 1.0772026961485863 1.0772026961485863 1.0278914604250953
